160 60 80 60 0.2709202500 0.0047491250 0.2709203750 0.0047492500
0 0 80 60 -1.5 -1.0 0.5 1.0
160 60 80 60 0.2709202500 0.0047491250 0.2709203750 0.0047492500
160 60 80 60 0.2709202500 0.0047491250 0.2709203750 0.0047492500
160 60 80 60 0.2709202500 0.0047491250 0.2709203750 0.0047492500
160 60 80 60 0.2709202500 0.0047491250 0.2709203750 0.0047492500
160 60 80 60 0.2709202500 0.0047491250 0.2709203750 0.0047492500
160 60 80 60 0.2709202500 0.0047491250 0.2709203750 0.0047492500
0 0 80 60 -1.5 -1.0 0.5 1.0
160 60 80 60 0.2709202500 0.0047491250 0.2709203750 0.0047492500
160 60 80 60 0.2709202500 0.0047491250 0.2709203750 0.0047492500
160 60 80 60 0.2709202500 0.0047491250 0.2709203750 0.0047492500
160 60 80 60 0.2709202500 0.0047491250 0.2709203750 0.0047492500
160 60 80 60 0.2709202500 0.0047491250 0.2709203750 0.0047492500
160 60 80 60 0.2709202500 0.0047491250 0.2709203750 0.0047492500
160 60 80 60 0.2709202500 0.0047491250 0.2709203750 0.0047492500
